100 120
u 83
886 777 
915 793 
u 35
386 492 
649 421 
u 62
27 690 
59 763 
u 26
540 426 
172 736 
u 11
368 567 
429 782 
u 30
862 123 
67 135 
u 29
802 22 
58 69 
u 67
393 456 
11 42 
u 29
373 421 
919 784 
u 37
198 324 
315 370 
u 13
526 91 
980 956 
u 73
862 170 
996 281 
u 5
925 84 
327 336 
u 5
846 729 
313 857 
u 24
895 582 
545 814 
u 67
434 364 
43 750 
u 87
808 276 
178 788 
u 84
403 651 
754 399 
u 32
60 676 
368 739 
u 12
226 586 
94 539 
u 95
570 434 
378 467 
u 1
97 902 
317 492 
u 52
756 301 
280 286 
u 41
865 689 
444 619 
u 40
729 31 
117 97 
u 71
481 675 
709 927 
u 67
856 497 
353 586 
u 65
306 683 
219 624 
u 28
871 732 
829 503 
u 19
270 368 
708 715 
u 40
149 796 
723 618 
u 45
846 451 
921 555 
u 79
488 764 
228 841 
u 50
193 500 
34 764 
u 24
914 987 
856 743 
u 91
227 365 
859 936 
u 32
551 437 
228 275 
u 7
474 121 
858 395 
u 29
237 235 
793 818 
u 28
143 11 
928 529 
u 76
404 443 
763 613 
u 38
606 840 
904 818 
u 28
688 369 
917 917 
u 96
324 743 
470 183 
u 90
499 772 
725 644 
u 90
505 139 
954 786 
u 69
82 542 
464 197 
u 7
355 804 
348 611 
u 22
828 299 
343 746 
u 68
340 422 
311 810 
u 5
801 661 
730 878 
u 5
320 736 
444 626 
u 22
465 708 
416 282 
u 58
924 637 
62 624 
u 0
36 452 
899 379 
u 50
468 71 
973 131 
u 81
930 933 
894 660 
u 63
199 981 
899 996 
u 59
773 813 
668 190 
u 95
926 466 
84 340 
u 90
684 376 
542 936 
u 7
445 756 
179 418 
u 87
412 348 
172 659 
u 9
336 210 
342 587 
u 6
301 713 
372 321 
u 55
819 599 
721 904 
u 39
811 940 
667 705 
u 28
127 150 
984 658 
u 20
224 422 
269 396 
u 81
630 84 
292 972 
u 72
850 625 
385 222 
u 99
640 42 
898 713 
u 98
190 524 
590 209 
u 81
819 336 
732 155 
u 94
4 379 
769 273 
u 76
850 255 
860 142 
u 79
884 993 
205 621 
u 67
504 613 
961 754 
u 26
259 944 
202 202 
u 6
784 21 
842 868 
u 28
189 872 
908 958 
u 98
36 808 
753 248 
u 3
333 133 
648 890 
u 54
567 746 
368 529 
u 0
46 788 
797 249 
u 90
303 33 
363 497 
u 53
892 686 
125 152 
u 96
975 188 
157 729 
u 36
460 414 
921 460 
u 4
28 27 
50 748 
u 56
902 794 
697 699 
u 43
39 2 
428 403 
u 0
681 647 
538 159 
u 51
535 134 
339 692 
u 15
127 504 
629 49 
u 64
285 429 
343 335 
u 77
900 238 
971 949 
u 89
367 988 
292 795 
u 43
144 829 
390 682 
u 40
541 569 
826 232 
u 61
42 360 
117 23 
u 61
81 309 
190 425 
u 96
367 677 
234 690 
u 26
524 57 
614 168 
u 5
358 312 
386 100 
u 46
726 994 
916 552 
u 78
529 946 
290 647 
u 70
51 80 
631 593 
u 57
627 312 
886 214 
u 55
512 90 
412 479 
u 10
969 189 
274 355 
u 41
620 433 
987 888 
u 38
566 770 
284 856 
u 17
606 260 
849 237 
u 5
59 217 
518 945 
u 83
873 458 
873 637 
u 89
483 607 
478 757 
u 14
471 729 
100 459 
u 18
438 25 
388 74 
u 33
157 681 
493 358 