100 120
q 83 86 777 915
q 35 93 386 492
q 21 49 362 27
q 59 90 763 926
q 26 40 172 736
q 11 68 567 429
q 30 82 862 123
q 35 67 929 802
q 22 58 69 167
q 56 93 11 42
q 29 73 421 919
q 37 84 198 324
q 15 70 413 526
q 80 91 956 873
q 62 70 996 281
q 5 25 84 327
q 5 36 846 729
q 13 57 124 895
q 45 82 814 367
q 34 64 43 750
q 8 87 276 178
q 84 88 403 651
q 54 99 932 60
q 68 76 739 12
q 26 86 94 539
q 70 95 434 378
q 1 67 97 902
q 17 92 652 756
q 1 80 286 441
q 65 89 444 619
q 29 40 31 117
q 71 97 481 675
q 9 27 567 856
q 53 97 586 965
q 6 83 219 624
q 28 71 732 829
q 3 19 270 368
q 8 15 340 149
q 23 96 618 245
q 46 51 921 555
q 79 88 764 228
q 41 50 193 500
q 34 64 124 914
q 56 87 743 491
q 27 65 859 936
q 32 51 437 228
q 7 75 474 121
q 58 95 29 237
q 35 93 818 428
q 11 43 928 529
q 4 76 443 763
q 13 38 606 840
q 4 18 128 688
q 17 69 917 996
q 24 43 470 183
q 90 99 772 725
q 44 90 505 139
q 54 86 669 82
q 42 64 197 507
q 4 55 348 611
q 22 28 299 343
q 46 68 340 422
q 10 11 605 801
q 30 61 878 305
q 20 36 444 626
q 22 65 708 416
q 58 82 924 637
q 24 62 600 36
q 52 99 379 550
q 68 71 973 131
q 30 81 933 894
q 60 63 199 981
q 96 99 959 773
q 13 68 190 95
q 26 66 84 340
q 84 90 376 542
q 7 36 445 756
q 18 79 887 412
q 48 72 659 9
q 10 36 342 587
q 1 6 713 372
q 21 55 819 599
q 4 21 939 811
q 40 67 705 228
q 27 50 984 658
q 20 24 422 269
q 81 96 630 84
q 72 92 672 850
q 25 85 222 299
q 40 42 898 713
q 90 98 524 590
q 9 81 819 336
q 32 55 994 4
q 69 79 273 776
q 50 55 860 142
q 79 84 993 205
q 21 67 504 613
q 54 61 326 259
q 2 44 202 506
q 21 84 842 868
q 28 89 872 908
q 58 98 36 808
q 48 53 303 333
q 33 48 890 754
q 46 67 368 529
q 0 46 788 797
q 49 90 303 33
q 63 97 253 892
q 25 86 152 996
q 75 88 157 729
q 36 60 414 921
q 4 60 28 27
q 48 50 556 902
q 94 97 699 43
q 2 39 428 403
q 0 81 647 538
q 51 59 535 134
q 39 92 215 127
q 4 29 49 964
q 29 85 343 335